number_staff 4
number_drone 4
droneLimitationFightTime(s) 3600
Customers 100 
Coordinate X		 Coordinate Y 		Demand		OnlyServicedByStaff		 ServiceTimeByTruck(s)		 ServiceTimeByDrone(s)
3686.7909716814247	4843.622404250793	0.07	0	60 	30
-2060.469465770369	-577.8685573901996	0.07	0	60 	30
-3098.907117579869	5692.916045704161	0.03	0	60 	30
-4133.363762939303	-5288.409220617998	0.06	0	60 	30
4311.966674540847	4647.095860588769	0.1	1	60 	30
4497.343857556605	-5389.267079358032	0.06	0	60 	30
-3577.0493998616175	-4752.877952638456	0.02	1	60 	30
-960.6401621240053	2284.248647428975	0.04	0	60 	30
6819.633077799093	281.6668330165593	0.05	1	60 	30
-7716.031993241883	-5060.528658733749	0.04	0	60 	30
2272.466261375015	1309.2651752170764	0.05	0	60 	30
-6621.548190469665	2718.2215894854344	0.06	1	60 	30
-4111.5592892850445	-6634.694274278133	0.05	1	60 	30
-6451.056891798596	-7680.8417118814905	0.05	1	60 	30
284.1033624989285	-4315.848335090874	0.06	1	60 	30
4234.012345623989	7790.0386878086465	0.07	1	60 	30
1139.6077739814289	-1869.0073162289825	0.01	1	60 	30
84.85555140381142	-5027.504596204249	0.1	0	60 	30
6769.314401287437	4089.2366440329542	0.03	1	60 	30
-6539.6059373118815	-4606.39016220863	0.05	0	60 	30
-8033.765678430838	-3389.6400854333237	0.06	1	60 	30
4359.219439874044	-707.3440918331721	0.02	0	60 	30
-7076.165239805263	-3381.250648746314	0.02	0	60 	30
-470.9758733169897	6783.048380333964	0.02	1	60 	30
2511.376115207249	-255.14568105925625	0.07	0	60 	30
7265.043500029797	-2779.4094669192746	0.07	1	60 	30
-4873.218641759733	812.7775259524815	0.06	0	60 	30
6881.6752548786535	-6324.340110756662	0.08	0	60 	30
-4055.0338148320125	-2837.0120140728436	0.06	0	60 	30
536.8023690425135	-4999.101287189257	0.08	0	60 	30
748.8340331239713	-5238.278839628999	0.06	0	60 	30
3187.219477938534	2625.656034509653	0.01	1	60 	30
7169.81942104221	-3208.3266862331725	0.08	1	60 	30
-3747.7049805648744	3082.6639510853133	0.07	0	60 	30
3758.786248369394	6722.270218507941	0.03	0	60 	30
7240.427659843516	-3396.0470780666883	0.09	0	60 	30
-7360.395131181414	1413.962397428373	0.06	1	60 	30
-1186.9741160696976	5211.975163287541	0.02	1	60 	30
-3226.4243470376546	-5231.25499719256	0.1	0	60 	30
-4917.666063682548	-2244.7459709922537	0.09	0	60 	30
6886.219858898779	-5406.328478017156	0.03	0	60 	30
7917.031198564131	-4769.947564947664	0.09	1	60 	30
4159.164925261172	-2670.274955992511	0.05	1	60 	30
5977.365191660025	-3891.260943981801	0.02	0	60 	30
5691.9311209837315	-7706.068638640102	0.07	1	60 	30
-3802.888836407389	-6936.941004156802	0.07	1	60 	30
3294.581510158826	-613.7196010307317	0.02	1	60 	30
1771.0749744594489	2438.1976132072314	0.06	1	60 	30
-7935.638912750994	7301.980844092352	0.05	1	60 	30
-1681.291718092699	-330.00454937189636	0.02	0	60 	30
-459.11020118497004	5181.72979298988	0.07	1	60 	30
2665.2836507671077	-4176.712855520387	0.04	0	60 	30
-1929.04241477286	-1119.3118366922147	0.02	1	60 	30
-2284.6525615422324	-4443.957854977397	0.05	1	60 	30
5466.761002585543	3620.8414099069623	0.04	1	60 	30
-7532.737243658878	-733.2023943384917	0.04	1	60 	30
7140.310637466576	-7278.645745346151	0.08	1	60 	30
5250.923356237918	6991.504747775792	0.02	1	60 	30
-3248.867168398899	-4660.398274258605	0.04	1	60 	30
3695.6836678642867	1732.7179811895905	0.06	0	60 	30
1904.8716916538194	-6998.0361019075035	0.03	1	60 	30
-106.68756880052689	6581.485088992154	0.04	1	60 	30
-2349.3673769938623	-7068.3730098681	0.05	1	60 	30
4347.4923917185015	-7853.128765968944	0.03	0	60 	30
790.8404371340964	372.958568195073	0.04	0	60 	30
-3058.929015514408	-5804.763105627106	0.07	0	60 	30
-1696.8745223716887	2377.939873576423	0.08	1	60 	30
-3291.5703690226574	752.7534921430159	0.05	1	60 	30
-5158.704749050078	-923.7016528279819	0.09	1	60 	30
-5645.105223950653	-7286.552265563061	0.07	1	60 	30
1596.0263259296594	-6273.167880181408	0.02	0	60 	30
-1708.32542815431	-5065.105526165529	0.09	0	60 	30
2034.0081127359208	1711.7241475377525	0.04	0	60 	30
-1638.1517070544435	-1172.9562885371006	0.06	0	60 	30
-1568.6201198800723	-2181.946916526191	0.05	1	60 	30
-6581.4662914934515	7705.589343995976	0.09	1	60 	30
5739.066986106658	-1237.4498034351177	0.06	0	60 	30
7631.554339763713	-6505.118199723632	0.02	0	60 	30
-7911.497402936031	-864.1998039856229	0.02	0	60 	30
-7764.583495042799	8005.070370366224	0.09	1	60 	30
-5422.260928263447	-2044.463169626389	0.05	0	60 	30
-3742.0463564547995	4013.6042073253825	0.08	1	60 	30
-736.2886717034338	2986.3560364270697	0.06	1	60 	30
-4000.90582323501	3665.0464135021502	0.01	1	60 	30
-924.7767943905791	567.1701924572428	0.06	0	60 	30
153.98428121971946	438.22086322306274	0.04	1	60 	30
3646.9758993189043	-4634.827633740415	0.03	0	60 	30
5424.483870946788	-1160.2356249155096	0.02	1	60 	30
4406.485766880467	3190.268956549317	0.05	1	60 	30
-6962.890317339659	4549.254653011273	0.09	1	60 	30
-1170.2618638084682	-3318.60450650134	0.02	1	60 	30
-325.521396311529	7072.600158603428	0.02	0	60 	30
4776.939495823386	820.7512392204203	0.01	1	60 	30
-5424.708987334291	983.7326215929788	0.07	0	60 	30
-156.90589802389704	-7921.599480675395	0.04	1	60 	30
6692.621636944297	-702.6286514312658	0.02	0	60 	30
-1730.028902769321	-688.7088252630014	0.06	1	60 	30
310.683092531027	-3461.018404437814	0.05	1	60 	30
-813.8162602825817	3892.0857146428266	0.02	0	60 	30
-663.1345861784162	4035.814366070255	0.09	0	60 	30
