number_staff 4
number_drone 4
droneLimitationFightTime(s) 3600
Customers 100 
Coordinate X		 Coordinate Y 		Demand		OnlyServicedByStaff		 ServiceTimeByTruck(s)		 ServiceTimeByDrone(s)
14504.963754032753	27155.000904372802	0.09	1	60 	30
27089.414765898557	14538.293801085869	0.02	1	60 	30
-21631.934214395915	11505.254028849056	0.01	1	60 	30
-4101.205964393676	-2079.0022459167462	0.04	0	60 	30
-26083.07854190809	-24720.894565387913	0.08	1	60 	30
-9211.2144183467	1346.2943300333802	0.01	1	60 	30
-19402.043845552842	28081.69244785304	0.02	0	60 	30
-28772.102331758233	16716.906951681274	0.08	0	60 	30
-10222.870904257552	-15059.265506210028	0.08	1	60 	30
26949.904396888163	23162.93751017564	0.07	1	60 	30
30932.85263610584	-31377.69100668203	0.09	0	60 	30
21277.29071698926	-13020.684554695443	0.1	0	60 	30
-19895.82109125188	21748.209799726726	0.02	0	60 	30
-6000.7127912027545	-29629.234996770694	0.08	1	60 	30
30955.747070622838	13424.04766387184	0.04	1	60 	30
-8682.077222328006	229.27685059519123	0.09	0	60 	30
21216.450915417656	-17547.00960660989	0.05	0	60 	30
2055.5888668655098	8000.125811609545	0.04	1	60 	30
7636.648926993498	-19050.44034788362	0.01	0	60 	30
-12700.371396452196	-25335.428494088617	0.04	1	60 	30
-7461.018037069832	-21142.171699623308	0.1	0	60 	30
6752.94290234428	-19655.411885460908	0.1	0	60 	30
4193.057282941754	19729.22706874348	0.09	0	60 	30
10536.71907576012	2875.84724614901	0.05	1	60 	30
11246.174999004543	-2650.241625038027	0.07	0	60 	30
-24361.278158904373	-30473.721452193768	0.02	0	60 	30
4394.602856289039	-16129.936321475674	0.03	0	60 	30
-12059.846143787403	2767.0936154856026	0.04	1	60 	30
15209.496860604599	-3775.0669302153265	0.1	1	60 	30
15594.999438671412	-19762.262775137082	0.03	0	60 	30
-13127.481206830336	-29438.699869261636	0.07	0	60 	30
-27511.868593729538	-8657.454653430894	0.1	0	60 	30
7033.514507619981	22375.891388100004	0.02	1	60 	30
-21519.48851972631	5948.579242328126	0.07	1	60 	30
12873.280548595272	-8196.836676256424	0.07	0	60 	30
31131.902606372976	-16433.286476833542	0.03	0	60 	30
25760.751140388755	-6714.441482870373	0.05	1	60 	30
-6597.280537806599	-6226.212869387606	0.06	0	60 	30
-6599.242598402835	-28726.53781752588	0.09	1	60 	30
-18928.803054746255	-899.2320722555681	0.08	0	60 	30
7179.764599170935	13373.750051542851	0.09	0	60 	30
26594.049001155512	-2314.462537102179	0.04	0	60 	30
4792.619777424133	-30228.71051143304	0.08	1	60 	30
-27807.43809749003	15980.85282797296	0.1	1	60 	30
15539.64085124471	-30592.146387259	0.09	1	60 	30
-18324.32791561385	-27108.39310168604	0.04	0	60 	30
26190.19997868634	27687.160530977944	0.1	0	60 	30
16644.66818607308	32172.74531496677	0.07	1	60 	30
-22374.846403071126	-17865.189737945875	0.03	0	60 	30
-13746.848278463714	16052.361016663148	0.08	1	60 	30
-32052.415928544764	-21444.753005897535	0.1	0	60 	30
-21666.039510921975	9694.689958180852	0.09	1	60 	30
-18640.381996015934	8229.760024447238	0.05	1	60 	30
-4201.823951329031	-10830.71933114584	0.07	1	60 	30
23166.79622106567	-26014.057273952556	0.02	0	60 	30
-9846.225754246605	-9009.657273249402	0.08	1	60 	30
12394.647683208841	-23402.81663083608	0.09	0	60 	30
-29895.27077722842	-24445.36696262718	0.1	0	60 	30
22697.005549680063	14074.14201079578	0.03	0	60 	30
-20715.17360421524	-30877.637405708185	0.03	0	60 	30
-2267.4284521226405	-23778.657995339512	0.07	0	60 	30
10768.94409435352	-9274.845543001584	0.07	0	60 	30
14492.468321286115	-3933.426442502781	0.04	1	60 	30
6471.717759042208	-5410.128549098342	0.03	0	60 	30
-4552.888963359558	12762.825222915273	0.05	1	60 	30
-23110.53216637822	10386.803701019573	0.07	0	60 	30
-24817.97584061808	-8393.733150467511	0.05	1	60 	30
-29134.12276314925	-28407.18774969901	0.07	0	60 	30
-16674.646616706792	9825.668843322106	0.03	1	60 	30
27397.925641886137	25828.641272233344	0.02	1	60 	30
-26487.806796562065	12255.928599360439	0.1	1	60 	30
96.98515345560071	12788.967790227383	0.07	0	60 	30
-13270.724198312384	22708.180665202635	0.07	0	60 	30
-2127.722727605025	30165.2287518815	0.06	1	60 	30
-19008.09557968504	3598.45731860104	0.01	0	60 	30
12789.54499461766	-31492.20610900552	0.08	1	60 	30
-1500.1715488764357	-11287.019561609586	0.03	0	60 	30
25849.08026962265	31988.145520176076	0.03	1	60 	30
5663.32499857844	-28646.04735399894	0.02	0	60 	30
30681.71922674197	29447.00184049602	0.04	1	60 	30
-19414.454416727058	11809.546342433801	0.04	1	60 	30
10618.651773438181	-133.9792614567239	0.02	1	60 	30
1821.825549868235	14205.070464585815	0.08	1	60 	30
-14941.90183476407	-11164.12572186762	0.01	0	60 	30
-20417.490285880518	-9265.305934616857	0.06	1	60 	30
-349.6687137351728	27374.98572530712	0.08	0	60 	30
-25885.473606835305	-26351.209141794032	0.07	0	60 	30
15289.688127181676	28697.642671231624	0.04	1	60 	30
2130.0391812127964	-25433.160486534616	0.1	1	60 	30
-11135.520872610336	-21638.709102709265	0.07	0	60 	30
-13664.499394645913	20536.697612733136	0.04	1	60 	30
4192.808940382323	-27542.67697338812	0.05	0	60 	30
4217.733522157056	-9514.27532797554	0.06	0	60 	30
5796.978727995333	-3528.0357917795172	0.08	0	60 	30
-21642.992252871987	21782.787678919107	0.09	1	60 	30
-8262.23981495907	-2725.1410498989694	0.03	0	60 	30
26590.799360682442	19642.078464155282	0.09	1	60 	30
-7146.957712707953	-20072.447765439967	0.09	1	60 	30
2747.4528442568626	-27492.70029026506	0.08	0	60 	30
18697.67775105705	5844.993348759771	0.02	1	60 	30
