number_staff 10
number_drone 4
droneLimitationFightTime(s) 3600
Customers 200 
Coordinate X		 Coordinate Y 		Demand		OnlyServicedByStaff		 ServiceTimeByTruck(s)		 ServiceTimeByDrone(s)
10900.347279232848	-20562.037743874494	0.04	1	60 	30
-20772.055579026415	-6694.163171962417	0.08	1	60 	30
15638.067209885096	9634.86981124673	0.08	0	60 	30
9608.450789335131	-21654.846868456218	0.1	0	60 	30
-8796.28648670684	-2028.9251306950152	0.03	0	60 	30
16211.779182571177	20805.87503666941	0.1	1	60 	30
3146.2460736584844	-3835.0471697153084	0.03	0	60 	30
16282.24933586634	-16877.3839209959	0.09	1	60 	30
17522.284428198727	-15596.933457857622	0.01	0	60 	30
-4491.573660679375	-6045.282237467435	0.06	0	60 	30
8604.527202055318	-15665.968041312157	0.08	0	60 	30
22039.154943650406	-9931.221624617147	0.02	1	60 	30
-18062.462121005516	-6392.683691654446	0.08	0	60 	30
-1670.5805264325804	19063.514408942145	0.04	0	60 	30
12507.649201598062	-17961.605564779184	0.04	0	60 	30
-22616.72855519589	4083.1749359476876	0.02	1	60 	30
23621.265868826453	8430.502822977416	0.04	1	60 	30
2537.9940667016795	1191.197540898997	0.07	0	60 	30
9762.318184366219	-1930.2046915115513	0.02	1	60 	30
-13025.953050402342	12652.730115279339	0.03	1	60 	30
18640.419489033018	-11730.926263531313	0.06	1	60 	30
16364.412789003913	-23585.01756538078	0.1	1	60 	30
-7803.508818148842	19874.513029856167	0.09	0	60 	30
21737.46308651366	-15219.403493796672	0.09	1	60 	30
12925.554134140191	23447.5157257333	0.02	1	60 	30
2592.2543917714866	-23426.13226618804	0.03	0	60 	30
17256.582171871665	12623.627178077684	0.02	1	60 	30
12882.131765728614	-6178.091449567465	0.1	0	60 	30
-18987.84896511978	-8105.585249389497	0.02	1	60 	30
3598.3649784575564	-18291.197535667667	0.04	1	60 	30
790.1781284755796	12015.028172092454	0.05	0	60 	30
13998.156515644134	5563.413478935611	0.05	1	60 	30
-3137.990286512475	-2455.2001548590592	0.03	0	60 	30
8583.460791851861	-15660.303686118934	0.05	1	60 	30
-17740.77022885892	-3014.95663993222	0.07	0	60 	30
20856.097026243668	-16668.706533147757	0.03	1	60 	30
20139.44035418212	21358.350659273903	0.02	0	60 	30
21656.386185945645	-3401.8594133237107	0.09	1	60 	30
17478.120250725195	992.7579743420351	0.02	0	60 	30
4129.663301528807	-3694.8927235673027	0.08	1	60 	30
-1993.1143429353858	16101.647815975764	0.1	0	60 	30
16949.984552704107	-23924.316929454737	0.06	0	60 	30
12698.688534711904	3213.9495848811866	0.05	0	60 	30
-13938.934894980106	17215.761675658494	0.1	0	60 	30
16898.220448900283	-13768.58434803646	0.01	1	60 	30
-1970.0054944173714	-15790.256348952145	0.09	1	60 	30
6985.561376580739	10027.397418636407	0.1	0	60 	30
-7912.1374747384125	12931.525942051614	0.08	0	60 	30
-2673.628431192869	-19541.718701055812	0.06	1	60 	30
-7384.137529004556	21983.478801990135	0.06	1	60 	30
9695.891495400232	12971.453810609042	0.09	1	60 	30
-1867.8611153982679	14109.98822840361	0.08	1	60 	30
18032.43824444515	21131.206148478977	0.1	0	60 	30
6753.630608587617	1602.6439452383868	0.04	1	60 	30
-3432.5178187566394	-7847.981709541505	0.06	1	60 	30
-5747.21012393539	-5065.135633679862	0.03	1	60 	30
-9952.134307099519	-5417.246342646358	0.02	1	60 	30
10861.382578325227	23130.569003520282	0.07	0	60 	30
-8005.171961231782	-10757.943321451268	0.07	1	60 	30
-4320.204381188905	21600.6634956555	0.08	1	60 	30
8378.439931503577	9378.55673090191	0.08	0	60 	30
-18212.598960775318	14615.010383660774	0.05	1	60 	30
20231.63582584448	-15469.072865865224	0.07	1	60 	30
-22909.65307248603	17760.92181516565	0.06	0	60 	30
5321.004302417023	-8677.191502956193	0.07	1	60 	30
-23259.122041129594	15135.362627700571	0.1	1	60 	30
-2059.7093611473724	-11593.78447041521	0.04	0	60 	30
-4331.451974575346	-8154.411013426495	0.09	1	60 	30
-15158.634159648704	-12230.436550230095	0.08	1	60 	30
21833.74960436261	14463.012825225644	0.03	0	60 	30
-21528.989173777085	-14834.315892481669	0.06	0	60 	30
-3994.6315646747516	-22097.398203699395	0.06	0	60 	30
-6892.194487651279	-1628.0223332567668	0.07	1	60 	30
-15785.24788630468	1119.1818879075602	0.08	0	60 	30
-474.29678738268126	-5298.903341691484	0.06	1	60 	30
-3096.5400526339827	3785.742700969241	0.06	0	60 	30
-5838.706735334506	-15946.161323085613	0.1	1	60 	30
-16980.59465427134	1568.796499016037	0.07	1	60 	30
-7130.41510694731	-13487.837983469826	0.05	1	60 	30
8302.533412161334	14268.288508302165	0.03	1	60 	30
12824.824783423404	-18217.121281148706	0.05	1	60 	30
11427.10666321815	-10150.406463514359	0.08	0	60 	30
21632.311812562388	8152.98616401079	0.02	1	60 	30
-7852.629317169249	14624.213869733225	0.03	0	60 	30
-10371.81046274481	11323.811893619451	0.1	1	60 	30
973.4942891846866	-18541.45403755279	0.03	1	60 	30
293.02887976935375	21167.684090693085	0.07	1	60 	30
-12100.728653731325	-23986.090055554625	0.09	0	60 	30
-467.5023440118135	-8767.482413891765	0.03	1	60 	30
14296.015704431016	-2326.488166313384	0.02	1	60 	30
-16343.468817405446	-261.1718241385145	0.07	1	60 	30
-7691.7918715363385	9617.780033418114	0.1	1	60 	30
-10451.141189245564	-22086.532219092394	0.09	1	60 	30
11089.002740667498	21010.93772835923	0.1	1	60 	30
-13206.340456451406	-21773.355183744996	0.02	0	60 	30
3828.4314777030386	12892.430384902242	0.02	1	60 	30
-23282.54654475634	-20604.577195070586	0.07	0	60 	30
-16106.452601812573	14240.054502139214	0.04	0	60 	30
-12269.744909080106	23458.810452275316	0.03	0	60 	30
14416.052030334578	19097.609336710106	0.09	1	60 	30
6382.36901817362	-4390.275510316343	0.1	0	60 	30
5059.128675748595	-21186.55469767398	0.07	0	60 	30
-7816.133988752534	11070.046632573649	0.02	0	60 	30
21129.112973846346	18945.75457972417	0.07	0	60 	30
-8537.021615156278	19629.426393493228	0.07	1	60 	30
15895.877247273134	-19706.518980524736	0.09	0	60 	30
-8632.913157205196	2516.777929777833	0.02	1	60 	30
-14890.353232600824	2719.0786861613897	0.01	0	60 	30
-12054.435231228334	24009.41424903536	0.04	1	60 	30
9801.792589619226	20073.832169464396	0.08	1	60 	30
-18161.341416497617	-8381.28031390939	0.05	1	60 	30
3489.492407050361	5592.785636787231	0.09	0	60 	30
13409.250311278991	4648.004909687238	0.1	1	60 	30
5860.9172377382665	18937.815407411123	0.08	1	60 	30
23262.161339941187	10373.929329460912	0.07	1	60 	30
-5844.771440644623	-12816.730070517518	0.08	0	60 	30
12090.253229458158	9749.53911836241	0.07	1	60 	30
-18106.41578966327	-15125.944247406198	0.04	0	60 	30
20250.21915755096	-9456.66111356758	0.08	0	60 	30
-20320.584990697294	3984.360211864264	0.06	1	60 	30
-9375.395624508417	-15093.147944281418	0.1	1	60 	30
-15779.81843707651	3047.0620063589163	0.03	0	60 	30
-23360.816852657896	-15491.23886237522	0.1	0	60 	30
-19328.404267910755	22907.27125072246	0.05	1	60 	30
10647.2737832178	-10472.708044606474	0.06	1	60 	30
3755.709391929026	23782.56075876182	0.07	1	60 	30
22129.648232747928	-2940.593821600423	0.08	0	60 	30
-22787.903245875616	-20571.727488250817	0.01	0	60 	30
14107.521662079442	-12022.976307059314	0.07	1	60 	30
-19462.46387549146	3791.2621493289225	0.03	0	60 	30
-5968.63324592508	-16669.39542805007	0.06	1	60 	30
10789.09484638215	7923.594428710495	0.04	1	60 	30
-11756.152852039764	12068.876844628798	0.03	0	60 	30
9106.822942820016	-9751.657941745349	0.08	1	60 	30
-1618.0064651951218	-11245.452042216051	0.06	1	60 	30
16356.242445847698	-714.032314253006	0.08	0	60 	30
11555.496609493206	-5170.8855966558285	0.08	1	60 	30
-3601.3303477153668	-21252.48178998163	0.05	0	60 	30
-4913.289316773628	20640.36344696005	0.1	0	60 	30
-11985.149396359786	6652.875153086856	0.06	1	60 	30
11789.401797496801	23888.081072446406	0.06	1	60 	30
3289.134439784838	3792.7634268688425	0.09	1	60 	30
-23810.87902181326	13485.889789313149	0.02	1	60 	30
19657.586002931628	-21583.555969783978	0.04	0	60 	30
-15712.488925013267	-23532.165769093943	0.03	1	60 	30
-9629.358593379086	3164.608478131723	0.05	0	60 	30
-11071.535412662408	8721.972938776067	0.04	1	60 	30
3312.237370347749	1382.8099230280304	0.05	1	60 	30
18910.20559840523	8516.542390156881	0.09	0	60 	30
5982.677099494681	11384.732151444214	0.08	1	60 	30
-20557.018508230507	-6334.400062353001	0.08	1	60 	30
23212.446029224902	16054.072495237024	0.06	1	60 	30
14834.977068500619	-9083.009361173075	0.08	1	60 	30
19872.467621923442	-17785.832749411067	0.07	1	60 	30
12343.117243140166	3185.8599685939716	0.05	0	60 	30
21325.942968617637	-6220.583277005838	0.03	0	60 	30
-23583.685970411487	-7036.876492875328	0.04	1	60 	30
5989.658268785458	-11469.876832118187	0.05	1	60 	30
21248.958024356034	-22860.6126772304	0.04	0	60 	30
13768.788615296264	20551.69277397631	0.08	0	60 	30
-3079.150261536567	2592.6241717308044	0.01	0	60 	30
8873.231727116568	2956.1029442934537	0.05	1	60 	30
-16522.173834984013	-22920.721270008908	0.08	0	60 	30
13200.000560361146	21907.73012287205	0.05	0	60 	30
2558.27714282621	17963.04820261362	0.1	1	60 	30
-23630.79134408098	7590.314026393278	0.07	1	60 	30
11938.661363244271	13892.520374672422	0.06	1	60 	30
19298.981111115452	22118.271010772805	0.08	0	60 	30
5152.97190425735	3428.150053185993	0.08	0	60 	30
10463.476184848192	22449.617827624075	0.09	0	60 	30
2130.807398315448	-6690.705690148341	0.02	0	60 	30
4905.257114151739	-3798.69336996398	0.08	1	60 	30
18550.730300348147	23736.486250684495	0.06	1	60 	30
-1797.1532943272287	-19791.43420792896	0.01	0	60 	30
17115.028146832647	-3454.398248701367	0.06	0	60 	30
18521.337445398403	14823.44416397873	0.03	0	60 	30
863.0274017357872	1228.6156464869862	0.03	1	60 	30
-1306.5341226408352	2457.1850540536825	0.08	0	60 	30
-13812.67882406328	2893.2756976582173	0.05	0	60 	30
-7204.037948052849	-17975.32488682248	0.03	0	60 	30
-8470.097785464954	-10781.192985974418	0.02	0	60 	30
10187.469629182962	-8829.680191280244	0.07	0	60 	30
-3315.9993599312425	-4276.366691594752	0.03	0	60 	30
7332.708660840447	3793.413037733231	0.09	1	60 	30
-15461.552585728936	20095.037375861888	0.05	1	60 	30
10443.780305405	7938.289472790369	0.08	0	60 	30
-3949.77648977399	-6758.2795144335905	0.09	0	60 	30
16077.393917371139	11502.68395294807	0.02	0	60 	30
-3540.076113089871	-13199.718149164668	0.04	1	60 	30
4821.307491377531	16689.41823971011	0.05	1	60 	30
-9520.853454363023	-20149.00882277612	0.08	0	60 	30
-19249.48996795636	16196.603407355373	0.03	1	60 	30
15483.438422525904	16358.183583000591	0.06	1	60 	30
9684.06093100589	-20348.99569732027	0.04	0	60 	30
-8223.24563242826	3670.186798547125	0.01	0	60 	30
-58.026301251110446	3980.553264370901	0.1	0	60 	30
427.29484925765075	7734.259507235009	0.08	1	60 	30
-4741.657629822325	-7273.358089040523	0.09	0	60 	30
-22005.86733577198	-18460.63610028901	0.01	1	60 	30
23485.472679899205	-20541.554833703234	0.07	1	60 	30
