number_staff 10
number_drone 4
droneLimitationFightTime(s) 3600
Customers 200 
Coordinate X		 Coordinate Y 		Demand		OnlyServicedByStaff		 ServiceTimeByTruck(s)		 ServiceTimeByDrone(s)
10887.372169348182	3994.9353094179605	0.06	1	60 	30
-15430.713730842785	-5791.497489956022	0.07	0	60 	30
-22791.27223195695	9031.311661934504	0.06	0	60 	30
-17314.29051212967	58.57452972811016	0.02	1	60 	30
23368.35634923176	-21592.036606702568	0.05	1	60 	30
21651.793040885885	18584.246607069355	0.09	1	60 	30
-7472.422020468219	-8209.386129671653	0.08	0	60 	30
-16090.609883284973	771.6547037447793	0.05	0	60 	30
12064.686296023294	-13015.443436483823	0.06	1	60 	30
-18637.36462955864	-20962.98301540794	0.1	0	60 	30
-21262.661576816816	-10730.284025645213	0.07	1	60 	30
-20233.813343781243	9480.331876086457	0.06	0	60 	30
12790.087516647878	16885.68550876151	0.09	1	60 	30
6287.511033385729	-15363.814704402786	0.06	0	60 	30
-10035.04685701333	18168.306935057524	0.04	0	60 	30
-3297.561452693129	-7919.61944285309	0.05	0	60 	30
-9972.28245275834	14788.174230670253	0.08	1	60 	30
-7715.851239343278	23388.663631583895	0.04	1	60 	30
-11970.70870910644	9967.348254620887	0.03	1	60 	30
8386.578932002745	22628.34122377186	0.05	1	60 	30
23410.837391158653	5105.780373643548	0.09	1	60 	30
19240.65342165649	20345.31405704998	0.02	1	60 	30
18077.599962291122	-2484.170894896105	0.09	0	60 	30
-15531.682893529349	14518.498007134956	0.05	0	60 	30
19887.064547094687	-11125.730440973795	0.08	1	60 	30
-269.60927091180923	-3771.498984416145	0.04	1	60 	30
18536.268873511566	-2209.0206173195447	0.08	1	60 	30
-9930.142346186018	-1226.0441650853352	0.02	1	60 	30
-10406.92999877584	-14597.077786692998	0.08	1	60 	30
18113.160314331424	12758.694736921252	0.1	0	60 	30
13720.83270831658	1214.6596082364165	0.09	0	60 	30
22187.114026852494	7985.574509757211	0.04	1	60 	30
-7746.178873949127	-568.9926495254842	0.04	0	60 	30
-15906.449517136096	-22899.388959286487	0.04	1	60 	30
-10959.396132448826	-4894.558440855448	0.09	1	60 	30
-6616.397592180956	-23718.525671720763	0.02	1	60 	30
19648.113579301527	-13790.286259695537	0.03	1	60 	30
-23274.413623748147	5493.524299559526	0.09	1	60 	30
4021.5886432356674	-2873.774972036395	0.05	0	60 	30
-16522.160054024298	17429.515758625246	0.02	1	60 	30
-16878.480243093498	-16509.344774869147	0.08	1	60 	30
-564.8116967386756	18356.95679874899	0.03	1	60 	30
-12075.97411793408	-21973.403896192394	0.04	0	60 	30
10879.270466477748	-5234.439988808468	0.05	0	60 	30
23408.19056262023	38.22910595169931	0.05	0	60 	30
-9033.949328133482	-8858.81586699927	0.01	0	60 	30
14579.81482881428	-12498.010649718799	0.02	0	60 	30
23637.373118291252	338.2171930094241	0.03	1	60 	30
8173.995170594587	22768.233713048296	0.09	1	60 	30
19828.454687543242	16016.954122181036	0.04	1	60 	30
18422.961142541815	-23773.684896750576	0.04	1	60 	30
-10496.862226074196	-18961.585364137776	0.07	0	60 	30
-20487.324456542545	21811.938326506282	0.08	1	60 	30
10466.695177563854	5423.29816685286	0.07	1	60 	30
-10260.076396363409	14122.673542904744	0.04	0	60 	30
12582.442648788003	-15736.46431420731	0.04	1	60 	30
-17715.390409282394	-22354.229877048212	0.01	1	60 	30
-9108.318818422698	-21060.31596343382	0.01	0	60 	30
-2644.480431023255	11686.251007937293	0.05	1	60 	30
17918.282269514148	-14910.73557819305	0.04	0	60 	30
21643.16059359998	2707.0905944579777	0.04	1	60 	30
16873.113545922086	-7983.740340886399	0.04	1	60 	30
14614.26550657624	-17613.73475769921	0.1	0	60 	30
-6251.58809353885	-4986.253552687694	0.05	1	60 	30
-19232.52688809126	2272.395468562228	0.09	1	60 	30
-10047.323715775776	20384.270428765907	0.08	0	60 	30
7320.155558922613	1241.3700063504034	0.02	1	60 	30
-5186.8718893607365	-6388.934317188886	0.05	1	60 	30
5745.083646395594	9185.440503289476	0.09	1	60 	30
21062.56638059381	17408.093270935562	0.02	0	60 	30
18093.146552603404	-19730.687062826735	0.05	0	60 	30
-20866.337162928314	-3083.924207537134	0.06	0	60 	30
-18384.767828187647	9567.472222151919	0.06	1	60 	30
12040.553042509606	23678.08926185	0.04	1	60 	30
-18399.426013584474	9155.808456693872	0.06	1	60 	30
-14795.448485702516	-3001.131668664782	0.07	0	60 	30
6645.5041088718	7854.5045241548705	0.08	0	60 	30
-24128.343884264912	15022.183652025953	0.03	1	60 	30
19008.457918808243	-18285.856071027756	0.02	0	60 	30
-2184.3409831015797	-10009.725192909655	0.02	1	60 	30
6049.489569728748	17339.575197749164	0.04	0	60 	30
9349.236826653836	-4120.452677515006	0.1	1	60 	30
-19495.44577753434	-19314.716256991767	0.01	1	60 	30
9447.220303601907	20137.956829166298	0.09	1	60 	30
5975.533761802105	360.13694298363043	0.09	1	60 	30
-9424.01734939352	-24066.030758065746	0.02	1	60 	30
-1875.187858941279	-3390.970477530078	0.05	0	60 	30
11696.132483512352	22631.631035945815	0.04	0	60 	30
-18540.611018285836	23672.340383843017	0.01	1	60 	30
-8948.642542561945	-1011.9503627445206	0.02	0	60 	30
-3030.347822893142	18793.109627734204	0.04	0	60 	30
-10846.01629378279	20421.09980700229	0.05	0	60 	30
-21594.604390727553	-22772.100497452815	0.04	1	60 	30
-21923.9500444754	6816.759128929474	0.03	1	60 	30
23602.37387917331	-8563.151617984398	0.04	0	60 	30
-11842.699325650368	23242.786825392926	0.02	1	60 	30
2652.840374971731	-9058.959569158358	0.06	0	60 	30
-9658.711867557042	-3336.579261932602	0.09	1	60 	30
15640.584679602936	-2988.190374162886	0.08	1	60 	30
-5131.752056003934	-9042.837258374062	0.04	1	60 	30
-10050.42845870021	-19664.843020153552	0.1	0	60 	30
-9922.271458925017	13715.06289440724	0.04	0	60 	30
2287.1979121608833	15115.09352069378	0.09	0	60 	30
-15211.82134676784	-18102.131506653284	0.04	0	60 	30
-22466.336556197817	-13259.803278775258	0.07	0	60 	30
-4732.084245167368	2697.3102798873133	0.06	1	60 	30
-12543.946680920628	5140.250558789593	0.05	1	60 	30
23003.247829996017	-20710.832712167656	0.06	0	60 	30
18660.10298198059	-15668.02561777682	0.05	0	60 	30
-15021.038295652712	-22748.153607382206	0.03	0	60 	30
22435.499543677008	-1056.2711780328004	0.02	1	60 	30
4779.355689224143	-764.2578460338344	0.09	0	60 	30
9053.606908815804	-1080.9647832815901	0.05	1	60 	30
-11801.846255585668	153.0939464292741	0.01	0	60 	30
9426.927745580302	-13754.582992154777	0.02	0	60 	30
-22027.332965570753	21621.778559856644	0.09	1	60 	30
-19488.744685338323	-16746.637907028595	0.05	1	60 	30
-5930.8930810011125	-1495.7322897478327	0.02	1	60 	30
-15696.809920751084	3146.002863446859	0.05	1	60 	30
9228.824245704931	9461.10900277207	0.05	0	60 	30
16749.33950692785	4088.6210464624364	0.09	0	60 	30
-2649.4793601001293	17416.804463640317	0.02	0	60 	30
-14599.007251851977	13378.425227737645	0.06	0	60 	30
4353.579969336298	-7441.755176981979	0.05	1	60 	30
8755.865364700601	-7359.020097939293	0.01	0	60 	30
10116.440282908006	18987.246830991102	0.04	1	60 	30
15290.629030313885	-7323.858518345515	0.03	0	60 	30
-10201.800922759487	-1781.1249738394622	0.01	0	60 	30
-2006.3303497131199	-81.25176099393765	0.03	0	60 	30
15557.845355920672	23196.86351247695	0.07	1	60 	30
23102.566160133712	-1003.2263569263347	0.09	1	60 	30
10354.038889147694	-2009.0734262705903	0.01	1	60 	30
21146.957551158976	15454.58395032973	0.06	0	60 	30
-15413.6195737478	-12769.998764625181	0.03	0	60 	30
-20168.63789054089	11339.682674941785	0.07	0	60 	30
5158.70442007427	-8862.991195464208	0.05	1	60 	30
11634.928142792667	1224.5989867887445	0.08	0	60 	30
-20619.627380098984	-21565.14258129594	0.03	0	60 	30
22476.766296993355	-4179.4771227886	0.02	1	60 	30
24116.176854506917	7576.791554828121	0.05	0	60 	30
23434.25532644336	20053.561047866202	0.01	0	60 	30
-18229.24668112209	-10857.659758334672	0.02	0	60 	30
15237.665880415372	-18258.671191463487	0.02	0	60 	30
-11894.362234688164	6159.15302040571	0.03	0	60 	30
-19414.8474846621	-156.8505787446808	0.09	1	60 	30
1690.5442721925915	-3152.9691357465294	0.07	0	60 	30
308.6559767775383	-21324.977708227183	0.03	1	60 	30
-17274.450562914164	-17913.80932980255	0.03	1	60 	30
-9592.120873419308	-21471.13538888911	0.03	0	60 	30
7024.892221498414	4208.476648835638	0.06	0	60 	30
17449.13402677447	106.083316043785	0.04	1	60 	30
-734.2097851999987	17947.31830463407	0.08	1	60 	30
-10718.444861927645	-15140.00572691701	0.03	1	60 	30
-11316.295656768736	-13547.659940992091	0.05	1	60 	30
-7610.416157251706	-23634.03106362736	0.07	0	60 	30
16093.761640288176	12821.70832378391	0.04	1	60 	30
413.7360122771422	13665.670060386834	0.06	0	60 	30
-8084.212111190437	11713.163595446957	0.03	0	60 	30
7897.0980451022815	15526.300386477242	0.06	1	60 	30
10071.75565005779	-17365.02201801616	0.09	1	60 	30
13854.22000159984	23186.549409848754	0.09	1	60 	30
-6836.317847746267	-20904.93246869114	0.04	0	60 	30
16033.93090188383	22503.261642175632	0.08	1	60 	30
18706.369963781417	-9696.099867199124	0.04	1	60 	30
-4303.583459955771	-21387.738235907094	0.04	1	60 	30
-15438.415436192821	12477.265842921503	0.08	1	60 	30
-18644.38612662733	4082.022744909639	0.03	1	60 	30
-12511.772149292385	19491.200838220167	0.05	1	60 	30
2326.133347257273	14245.113978241468	0.04	1	60 	30
534.6148664393957	-10765.685779408725	0.03	0	60 	30
-3614.387073355425	21834.288820416565	0.06	0	60 	30
5925.984647886866	9231.901468163771	0.04	0	60 	30
-10664.936675891542	14225.413112546476	0.05	1	60 	30
14078.93126005205	14383.094116404818	0.06	0	60 	30
7264.121504931235	10190.430979787547	0.04	0	60 	30
-9191.60925744438	-22989.295213495578	0.05	1	60 	30
15163.601527460913	-12192.479504225967	0.07	1	60 	30
16544.77743423887	-18635.78537239219	0.02	1	60 	30
-5523.416963402592	14889.868671136615	0.07	1	60 	30
-437.7443050079113	13029.006966275801	0.03	1	60 	30
-5432.604538417837	8038.479577356006	0.1	1	60 	30
15380.71883513654	-18310.498935648076	0.07	0	60 	30
5157.954134944166	6904.103841596862	0.06	0	60 	30
-9161.542685395118	-23319.60712805508	0.05	1	60 	30
-8345.80232089517	-20619.012719347767	0.03	0	60 	30
22259.51687103835	-5654.81001378719	0.05	0	60 	30
12832.538776495037	20177.378780285417	0.07	0	60 	30
22072.576193090266	-18458.15985138765	0.07	1	60 	30
14464.12594316427	-17374.351646512303	0.01	1	60 	30
7445.509474367559	-10461.670515789398	0.06	1	60 	30
14972.118134078415	9680.943613296997	0.07	0	60 	30
-9165.784089744786	3209.5644199760754	0.08	0	60 	30
11157.985699086219	14224.69537809879	0.1	1	60 	30
-10615.397447795502	-11876.637665562703	0.02	0	60 	30
6269.981460452503	-14995.385470124655	0.1	1	60 	30
6272.225819177696	-14031.350303940979	0.04	0	60 	30
-4606.844928778476	13233.076814384285	0.05	0	60 	30
-6024.883717751945	4288.393677753813	0.06	0	60 	30
-3388.0410424972306	9102.916768702706	0.09	0	60 	30
14666.692381764109	-10366.592196538622	0.07	0	60 	30
