number_staff 10
number_drone 4
droneLimitationFightTime(s) 3600
Customers 200 
Coordinate X		 Coordinate Y 		Demand		OnlyServicedByStaff		 ServiceTimeByTruck(s)		 ServiceTimeByDrone(s)
10896.022962037454	-12376.380059443674	0.09	0	60 	30
-2898.16853610948	-22486.71461129362	0.06	0	60 	30
18921.72763574869	9433.684241097877	0.08	0	60 	30
16727.644168468752	1676.4007438937772	0.09	0	60 	30
18018.70160489458	23636.917710635797	0.09	0	60 	30
1931.676895531806	-12121.54753338633	0.02	0	60 	30
-393.30971790613887	10800.27984363258	0.09	1	60 	30
-10602.143017751265	-10994.370806271398	0.05	0	60 	30
-16483.79494919308	-14736.436304444465	0.06	1	60 	30
-9206.836837350575	-11017.849163447605	0.05	0	60 	30
-17444.641911280167	2072.7002037211005	0.08	0	60 	30
-8145.274725304422	-19554.143551238336	0.01	0	60 	30
-7778.278428832498	17460.21294829515	0.01	1	60 	30
17075.557379606355	-8505.702441794718	0.01	0	60 	30
4993.417421871878	-22011.74115835601	0.04	0	60 	30
-83.56642750591561	-16011.196523652572	0.04	1	60 	30
12423.416907920075	-5543.712894836414	0.1	1	60 	30
-16973.3941288357	-7503.087095539372	0.03	0	60 	30
18611.41516710917	-14057.793229845518	0.08	0	60 	30
-21981.882869222532	15977.93381811018	0.04	0	60 	30
4137.11902955251	-22212.130477995415	0.01	1	60 	30
-14863.720333445232	7151.866308762806	0.09	1	60 	30
-15269.912318191246	-19765.262091349814	0.03	1	60 	30
9314.414186688378	-21400.20942034185	0.07	1	60 	30
-16940.82287449687	-20263.779663169065	0.01	0	60 	30
17731.74007735467	15312.292400880206	0.06	0	60 	30
-14503.735834059313	7679.411006467662	0.1	1	60 	30
-10815.399365098656	-4527.409261217702	0.02	0	60 	30
16059.337356994862	21917.46390484267	0.05	1	60 	30
-23750.250389206372	-7941.232725371861	0.07	0	60 	30
-10993.044397676917	-23771.974442715287	0.01	1	60 	30
16727.80949900214	22464.240009587586	0.03	0	60 	30
-20767.492909180415	-17919.90384012598	0.03	1	60 	30
-15673.282644477456	-1979.8916308862272	0.07	1	60 	30
16706.567323655887	-3641.4900939514064	0.03	0	60 	30
11698.599299724014	13168.233514183632	0.03	0	60 	30
19975.66524217714	-22544.741407238304	0.04	1	60 	30
6679.453155858657	15656.708251159755	0.09	0	60 	30
12992.609954706295	15797.35341907162	0.1	1	60 	30
-18847.717816988894	-12746.862989692176	0.09	1	60 	30
9138.53678386764	5231.317192171735	0.07	1	60 	30
-21075.160863776822	-9830.558780242556	0.04	1	60 	30
20533.90765049657	-21275.27490881001	0.09	0	60 	30
-5666.199774494156	-22454.518159730993	0.01	0	60 	30
-13118.66879376024	23020.56656348199	0.06	1	60 	30
-4324.653438989408	2613.6645311316415	0.04	0	60 	30
9516.978954180975	2518.928302328945	0.1	1	60 	30
-13489.07418353947	-23453.123880773397	0.1	0	60 	30
-15151.194137074664	10655.039010123166	0.09	1	60 	30
1686.726303367101	19994.63748186471	0.02	1	60 	30
12604.91495092504	16816.514960922	0.05	1	60 	30
-4744.194099524079	3086.130364223152	0.07	0	60 	30
21285.957583926862	-10828.763365322864	0.03	0	60 	30
24084.759038057306	18969.635112632266	0.01	1	60 	30
10385.069322041107	-524.4299587260867	0.04	0	60 	30
-15730.76610617187	23564.635045955267	0.05	0	60 	30
3553.5541384614125	21123.972719030633	0.08	0	60 	30
4204.815446075915	-23786.606704897247	0.05	1	60 	30
-22311.71430487372	12816.894068912088	0.06	0	60 	30
3092.624022756892	-6663.243102104957	0.05	0	60 	30
-3293.426754275233	23248.174685420603	0.03	0	60 	30
-22610.8016983538	-9011.346524521618	0.07	0	60 	30
18359.179052755066	16002.919597045839	0.09	1	60 	30
-17356.965225792188	-5914.909254685971	0.06	1	60 	30
13229.933665769986	-5027.32941892766	0.01	1	60 	30
-2761.7490262007077	-15301.88119880004	0.02	0	60 	30
-15026.52772112404	8778.040594984273	0.06	0	60 	30
11476.848293640473	8527.521458463654	0.04	1	60 	30
23996.151535888454	11001.629374087372	0.08	1	60 	30
21576.68781034018	15444.706307128945	0.03	0	60 	30
7771.829641494028	-372.9998557409694	0.09	1	60 	30
6474.9068090516685	-15759.573538311974	0.08	1	60 	30
21463.827492358992	2103.8089454018495	0.08	0	60 	30
-22603.421149844195	-23548.062320778292	0.01	1	60 	30
-22542.779622972335	15612.773924436971	0.06	1	60 	30
9097.263563198892	17616.891963857397	0.01	1	60 	30
14416.136879400932	-24106.046280483064	0.03	1	60 	30
-19363.177251313977	6053.259602785508	0.05	1	60 	30
-14510.897191884522	-15087.17734598914	0.02	1	60 	30
20900.34861374036	6175.617514375836	0.08	1	60 	30
-21620.500047997204	-22458.3286418942	0.04	0	60 	30
10734.483384363377	-8140.421628370298	0.05	0	60 	30
7923.059282530145	-1002.9146429900629	0.09	1	60 	30
-18179.45229729031	368.68794973330296	0.04	0	60 	30
-21016.135481418227	7669.253336929905	0.06	0	60 	30
-18585.78244405283	-20382.980090679	0.07	0	60 	30
15663.730206676753	12981.465901285364	0.1	0	60 	30
11924.998152205619	23740.030068467917	0.07	0	60 	30
9601.567858085904	18139.232571452663	0.05	0	60 	30
-9545.643711233306	14205.131820975734	0.09	0	60 	30
4187.678180765321	22183.695326485722	0.09	1	60 	30
23443.679987714848	13218.886624612845	0.03	1	60 	30
1927.81035749428	9871.82550107602	0.03	0	60 	30
84.68514561986417	16279.545101693584	0.1	1	60 	30
15156.671228567777	14816.926004841867	0.05	1	60 	30
-17488.71879008143	249.10871877724566	0.05	1	60 	30
-14637.417331702709	15430.842013566822	0.09	0	60 	30
-13957.206170015954	8381.176580781943	0.06	1	60 	30
-19059.74171285243	14643.143749940193	0.07	1	60 	30
23993.557574699353	-22469.41952831795	0.08	0	60 	30
-15188.67038059527	-9481.798013595411	0.02	1	60 	30
65.32839104644927	-9552.681927169295	0.07	1	60 	30
-4448.356208826174	-3675.0446445305884	0.07	1	60 	30
9015.467960497346	6596.459217598352	0.08	1	60 	30
19006.753404496543	-23520.530403740544	0.04	0	60 	30
-23166.989437251814	19948.30410627928	0.09	0	60 	30
22250.288761745385	-12702.170954073974	0.07	0	60 	30
-2259.1528784018765	11002.548699673594	0.1	0	60 	30
-17909.695826825362	-21403.27856028015	0.09	0	60 	30
-14565.923892516195	-10293.602849673527	0.02	0	60 	30
-20722.50109643941	-5939.611081572414	0.08	1	60 	30
20012.886834441622	3473.7706628916576	0.05	0	60 	30
11957.369896557426	18831.788105553347	0.09	1	60 	30
-16120.110353558768	-3417.1979332942747	0.1	0	60 	30
-13536.4629517015	18424.530929678574	0.07	1	60 	30
-11238.958375809058	-1337.2276733480185	0.07	0	60 	30
17657.36083100361	917.4803497096879	0.02	0	60 	30
18138.972019701727	21604.340218101814	0.08	1	60 	30
-23919.00314911689	-5255.772881418487	0.06	0	60 	30
21716.097848292502	21903.382902355923	0.04	0	60 	30
-16760.590340885385	-8699.225666799632	0.04	1	60 	30
20783.84053581612	7836.976398596991	0.06	1	60 	30
-4346.773412578311	10225.422021373852	0.03	1	60 	30
-11434.40976197268	-3302.5104122237954	0.03	0	60 	30
10016.80479000062	22752.068657048752	0.07	0	60 	30
5875.952542633464	22184.122543027304	0.1	0	60 	30
19849.974925458973	11691.75890539499	0.05	1	60 	30
-2499.0953252150207	17878.686923030582	0.02	0	60 	30
-23450.6428214733	-24135.84097874897	0.01	0	60 	30
8304.412534979252	-5833.643583333185	0.06	1	60 	30
19815.20679590546	-11447.339071008828	0.1	0	60 	30
10644.076193970663	20706.144903905857	0.02	0	60 	30
-788.4496241177967	-2895.994599759446	0.04	0	60 	30
-15160.097416414037	21429.108450628046	0.05	0	60 	30
-23894.989554210882	-19810.5135633525	0.09	1	60 	30
12623.729051157055	-19523.792420945294	0.03	0	60 	30
-20604.905972929362	-19132.498121607132	0.04	0	60 	30
-9274.095065932792	10830.177946246939	0.07	0	60 	30
4216.728981337754	-19819.797222578058	0.03	1	60 	30
-16044.813739593275	-9132.593192621276	0.07	0	60 	30
-422.4201197100745	22609.908210541562	0.05	1	60 	30
-19977.099986616966	-17184.151208009935	0.08	0	60 	30
-10794.696908115164	2904.369222576658	0.07	1	60 	30
-6953.1703160859115	3757.4544130454155	0.06	0	60 	30
-853.1686847071505	-15740.393799166577	0.1	1	60 	30
-21949.497638188528	1058.7495133165864	0.03	1	60 	30
8815.30171715091	-1293.6772768916794	0.07	1	60 	30
-3549.9917009286123	-21142.836254771217	0.09	1	60 	30
9409.429628175165	-17572.789963047508	0.09	0	60 	30
22423.52261978448	-7100.792776281031	0.02	0	60 	30
-23981.74099656218	-20281.012269554074	0.02	0	60 	30
-863.212335772453	-15501.725328486353	0.06	1	60 	30
6317.169518546917	-11102.007909943444	0.06	1	60 	30
-6617.2268043072845	15813.771520061926	0.01	1	60 	30
21785.379203198598	-5754.103948624079	0.09	1	60 	30
19581.88252584115	-15966.593462842086	0.06	0	60 	30
-15584.545789137163	15957.41187859017	0.02	1	60 	30
-14795.072097684113	-19835.636929407417	0.1	0	60 	30
704.8985108933343	22121.905010672144	0.03	1	60 	30
-19650.435706449894	7912.787363690263	0.05	0	60 	30
-13528.133746968704	-6636.174322040824	0.05	0	60 	30
-12456.724078404879	11095.864952920476	0.01	0	60 	30
-21763.57868288379	8314.047086818764	0.06	0	60 	30
-17151.422732021158	11373.119646559771	0.09	0	60 	30
16364.430035421274	-11247.320130604732	0.06	1	60 	30
11286.880385404133	-22967.58203476398	0.03	1	60 	30
-14349.128039857207	10622.354258273885	0.09	1	60 	30
-23491.483069209546	21242.580953255263	0.07	0	60 	30
4210.692864879209	23127.244934682094	0.06	0	60 	30
7153.856464811423	-4715.590521008747	0.06	1	60 	30
-15877.697665385787	2817.6260531842377	0.07	1	60 	30
5245.499865207721	16638.278242745266	0.03	1	60 	30
-7281.265118587472	-11620.751701839126	0.08	0	60 	30
-12598.56534934508	7693.514753893748	0.05	1	60 	30
13831.392839343116	-14999.562079016006	0.09	0	60 	30
-6809.751455549196	2219.1977048206295	0.07	0	60 	30
-10463.554556355839	-19338.522976894943	0.03	1	60 	30
-11449.53717682521	-4573.805327905886	0.09	1	60 	30
21137.287743390785	-9201.300217659928	0.02	1	60 	30
11144.832786673574	8452.891917921728	0.04	0	60 	30
-7457.600276260191	11585.472161046166	0.09	0	60 	30
-4174.887062354901	-11989.953345880469	0.01	1	60 	30
15602.091805027225	15543.897059280063	0.04	1	60 	30
-14258.815361049019	-5244.260350862866	0.05	1	60 	30
19097.243929404707	-9569.752655874665	0.07	1	60 	30
-1711.0808393838831	-12686.183689402156	0.1	1	60 	30
1644.3290786042398	-13873.166749527252	0.03	0	60 	30
-14111.092230533433	17609.176497791384	0.1	0	60 	30
18554.764332517236	1502.1775915303986	0.02	1	60 	30
5696.04148570754	23732.49508139933	0.02	1	60 	30
-1356.529831360157	-10205.69206351791	0.06	0	60 	30
205.1853247808325	11867.590411562276	0.06	0	60 	30
-18145.258672332107	-16539.85915196668	0.06	1	60 	30
2917.575044549705	-17524.87635340108	0.06	1	60 	30
-19485.609694990395	13541.769135845589	0.07	1	60 	30
2052.057259269942	-18116.854831544	0.02	0	60 	30
-17344.191983232	-6526.241630192847	0.03	0	60 	30
10924.040580678748	-3419.440833442413	0.08	1	60 	30
293.51428236438363	-9272.785383769382	0.02	0	60 	30
-11641.00027319061	-1056.4606213150325	0.07	1	60 	30
