number_staff 10
number_drone 4
droneLimitationFightTime(s) 3600
Customers 200 
Coordinate X		 Coordinate Y 		Demand		OnlyServicedByStaff		 ServiceTimeByTruck(s)		 ServiceTimeByDrone(s)
14291.596239617518	-19635.53807855259	0.07	1	60 	30
7635.217564367702	7924.216175453003	0.02	0	60 	30
11614.450535770355	1580.082927694711	0.04	1	60 	30
25243.516806477037	-9798.494521386388	0.06	0	60 	30
9314.433736896512	18359.249443907425	0.03	0	60 	30
-5584.884271811555	-13729.229677731499	0.02	1	60 	30
-898.852440472169	-22393.951967880213	0.1	0	60 	30
-3219.875902107097	-14923.266199362492	0.04	1	60 	30
-14138.357311188955	27391.9139660927	0.02	0	60 	30
-12548.491551806364	-29029.084171512608	0.09	0	60 	30
-31058.070432564244	6871.049944789677	0.09	0	60 	30
12775.262444491336	27238.560254539952	0.03	0	60 	30
-27532.867721362833	-24610.351358700016	0.1	0	60 	30
17576.07407408152	26512.151062678135	0.06	1	60 	30
-17877.5617364859	6738.63358452975	0.03	1	60 	30
8599.996280825288	-25486.64561195291	0.03	0	60 	30
-16220.71902207278	1169.6900889426036	0.04	0	60 	30
5100.158750185842	29698.40758429187	0.02	0	60 	30
-6424.185391578403	26392.766820635825	0.04	0	60 	30
-3909.8860069848924	9960.439934362126	0.07	0	60 	30
-14845.822671302454	-23224.846375931764	0.06	0	60 	30
11135.283154097095	16101.034394697415	0.06	1	60 	30
22093.038858720578	-4620.179629796377	0.07	0	60 	30
-22969.852356376603	19824.875733084264	0.02	0	60 	30
18434.74271702913	29633.69444093295	0.08	0	60 	30
14408.647989248871	13782.83435314306	0.07	1	60 	30
-17477.50538826603	-2549.5416026944768	0.09	0	60 	30
-22410.37243490764	19826.99879242229	0.09	1	60 	30
6112.500166439606	-3234.4649138661744	0.04	0	60 	30
18245.60993377811	-24154.121007270263	0.05	1	60 	30
-15069.247460602553	7534.452092800519	0.03	0	60 	30
-21596.53685871439	-11742.196071376247	0.02	1	60 	30
-25829.75022523215	31935.598885797717	0.04	1	60 	30
4915.945791669004	-27262.481476838377	0.05	0	60 	30
-25816.224750027537	25267.90122237929	0.08	0	60 	30
29978.320376080024	-25074.04116800757	0.02	0	60 	30
17681.158804023915	16107.510765691777	0.04	0	60 	30
27025.797507733052	-31609.92607363605	0.03	0	60 	30
29610.615124048043	-6477.840529632928	0.01	1	60 	30
6248.078935355677	3153.227221046595	0.04	1	60 	30
-23022.601586248475	-7905.831322510395	0.04	0	60 	30
17525.90456974823	-15133.76247582829	0.05	0	60 	30
5087.544789328639	-15262.344574288085	0.05	1	60 	30
-5928.385390770267	-9873.513535978074	0.09	1	60 	30
15302.877925087278	-18125.983337503432	0.07	0	60 	30
-5739.445603297015	-20414.30421699502	0.05	0	60 	30
22325.95481424826	-20861.85784005059	0.02	0	60 	30
-989.1493039930434	-24711.77054846	0.02	1	60 	30
5802.8722989194675	-8754.977089812593	0.07	0	60 	30
-16867.199070676103	-17690.07571652909	0.06	0	60 	30
-17288.11979660458	-24876.399471134562	0.06	0	60 	30
29556.104398811905	-19158.90098186611	0.07	1	60 	30
13119.038655669036	-23491.810138234825	0.08	0	60 	30
13941.627106290049	9081.970682414916	0.07	0	60 	30
-3276.938214285353	13412.360514453816	0.05	1	60 	30
12621.777347718828	-12830.361874135251	0.04	1	60 	30
-29436.107276123483	-1511.2287729799536	0.09	0	60 	30
27956.63923558688	-21570.628241613744	0.04	0	60 	30
25018.911608299943	18371.810679228507	0.05	0	60 	30
23115.579216075745	-9007.624669592546	0.08	0	60 	30
1284.3389825106221	16718.228720159717	0.03	1	60 	30
-13087.771870721916	-16114.104428178716	0.01	0	60 	30
-13508.308695522908	3714.635109149315	0.01	1	60 	30
22909.3031362764	-14690.145357578807	0.06	0	60 	30
-621.579267917025	-298.59772047326214	0.08	0	60 	30
22486.782133417062	-10587.421332115011	0.04	0	60 	30
-20776.75594008404	31009.888061339858	0.05	0	60 	30
-21743.110586492407	22083.01122307071	0.06	1	60 	30
-16251.33887412764	-2786.7723197623172	0.07	0	60 	30
14716.252676838893	9885.107434786438	0.09	0	60 	30
2796.528042106083	17569.511304200078	0.02	0	60 	30
1604.111446506514	3586.193249200758	0.1	0	60 	30
-30596.34929945777	13690.587630709275	0.02	0	60 	30
-16622.113081126823	-28024.46357676002	0.08	0	60 	30
-13366.010816674994	5261.0405291171555	0.06	1	60 	30
-29387.06990958719	7106.854408880013	0.05	1	60 	30
32132.379152161368	-27598.76877864994	0.1	0	60 	30
-27317.92996179399	-4273.413015574691	0.07	1	60 	30
27802.09350848237	21200.728843227564	0.09	1	60 	30
8436.338715705391	16451.10503676736	0.06	1	60 	30
19374.356633468367	-4302.09506134848	0.07	1	60 	30
-23550.77962387465	-29722.269456956517	0.07	1	60 	30
-30763.697346568184	13130.293578314813	0.03	0	60 	30
-9408.44904622881	-6325.358590321478	0.09	1	60 	30
-30547.462766067507	3564.428194469667	0.08	0	60 	30
332.38750620931165	900.1635556778054	0.02	0	60 	30
24291.087968914882	20411.68018075841	0.06	0	60 	30
-22542.552228247245	1357.13176348749	0.03	0	60 	30
-16119.239385747711	14489.547135412438	0.03	1	60 	30
-28596.36533067702	21436.048063494472	0.07	1	60 	30
-30774.742736708864	-30910.873460112864	0.04	0	60 	30
-4760.82796975335	21364.389103422334	0.06	1	60 	30
-28824.878420886806	22127.77104893004	0.08	0	60 	30
-22092.60737586706	20551.617359660875	0.09	0	60 	30
25749.93739728839	24438.046315871135	0.03	0	60 	30
-29928.151059132208	17275.280735695746	0.06	1	60 	30
2467.518619507495	-5075.855828220161	0.05	1	60 	30
-29864.960218582157	12758.365188496904	0.09	1	60 	30
-10356.941034142517	-11782.627293981725	0.03	0	60 	30
-23802.14023787275	15165.215000092234	0.04	1	60 	30
23633.079170626414	30889.842972925428	0.02	0	60 	30
-15412.259531396905	-20489.488429730787	0.02	1	60 	30
-14947.262208709053	25893.84600682818	0.07	1	60 	30
-6454.353808605069	-22561.945683672126	0.05	0	60 	30
-13901.541101023486	-8395.892120433495	0.1	0	60 	30
22381.78372262901	5686.882709399916	0.04	1	60 	30
-20142.760537309925	-12046.55934479318	0.05	1	60 	30
-20617.93680104323	16883.403512879057	0.1	0	60 	30
-22098.370784006536	-521.6385631532926	0.08	1	60 	30
325.8602130429638	-93.51069731338781	0.09	1	60 	30
25481.201645939636	-3189.042160192926	0.02	0	60 	30
28730.100639669272	17539.756795633584	0.09	0	60 	30
947.4159431487852	28004.09995144849	0.04	1	60 	30
-21.558388087303534	-3528.915313600542	0.04	0	60 	30
30253.558480787146	14049.345409599178	0.06	1	60 	30
12001.281939902594	-17974.40849006381	0.09	0	60 	30
6009.563325822658	-30979.592268109172	0.07	0	60 	30
10013.25521623219	-23232.33477963528	0.01	0	60 	30
-273.32012930148034	29519.57184164196	0.09	1	60 	30
9504.77909191181	-21202.405213006332	0.03	0	60 	30
24544.88454657011	16066.69248666419	0.09	0	60 	30
30938.632528074013	14802.910510925272	0.08	1	60 	30
3658.5043707436284	3255.3340766711485	0.03	1	60 	30
30049.932397446984	-20982.045894056926	0.05	1	60 	30
-21109.926393941052	-20215.195721687876	0.05	1	60 	30
-5006.266097641209	6571.323952400088	0.05	0	60 	30
30592.030661113928	-21367.977564261062	0.08	0	60 	30
11435.414192741617	1460.1464957422397	0.03	0	60 	30
-24486.823826430023	13760.279328205892	0.04	0	60 	30
-15975.103255191147	-18949.65168879819	0.03	1	60 	30
19714.12837413273	12714.264056770347	0.08	0	60 	30
6264.415260133044	18276.268774992044	0.09	1	60 	30
19152.692356850665	14917.94656214124	0.02	0	60 	30
5043.83032920052	-4970.809738352726	0.05	1	60 	30
-26567.000022933342	20352.689167633398	0.05	0	60 	30
5908.894405936747	-24318.41452766286	0.09	0	60 	30
16890.037338167986	-16259.666748834401	0.05	0	60 	30
-607.8488570500028	30200.77708669479	0.07	0	60 	30
-10260.098135689619	14833.11300139479	0.03	1	60 	30
14173.60976570881	26116.93874404233	0.09	1	60 	30
-24405.23360011628	24646.82476003343	0.02	1	60 	30
-11048.372126151522	-10922.504384332062	0.09	0	60 	30
-10953.029105970809	4779.90342582081	0.04	1	60 	30
16604.243683324545	-25904.259231633787	0.02	0	60 	30
-25686.924102258494	18720.43586106099	0.02	1	60 	30
5344.434454961824	15038.871960100085	0.09	0	60 	30
4546.905337956	30116.722296576037	0.05	0	60 	30
6374.032195176618	27882.740463160197	0.04	1	60 	30
8160.270542163779	30949.248481659168	0.09	1	60 	30
27431.59275067941	9970.393486565476	0.07	0	60 	30
-26072.53352057268	-16971.0265160889	0.02	0	60 	30
-29811.747115591817	-7627.74827897881	0.05	1	60 	30
-6600.9343319832715	3572.9038949970354	0.03	1	60 	30
23670.22234168378	-8975.653208587864	0.04	1	60 	30
30234.089013230223	18599.944623048355	0.07	1	60 	30
-4859.0274559533555	25293.206519351035	0.03	0	60 	30
30264.404301459905	-9177.524411119239	0.07	1	60 	30
2768.9885842634935	31214.35695323751	0.03	0	60 	30
-27781.504213455853	-22036.470217406215	0.09	0	60 	30
13720.85704714755	27734.944751750776	0.02	1	60 	30
-9884.74776288564	1634.2090479323301	0.03	0	60 	30
-23918.923190697125	9151.785664997358	0.07	1	60 	30
6320.545178668829	-19505.4978362089	0.04	1	60 	30
-8361.958974160894	18635.97550490887	0.07	1	60 	30
4070.4877681961757	-2485.9273784540424	0.03	0	60 	30
-7330.890552285285	-27404.005519167593	0.07	0	60 	30
24398.494332772294	28515.35045141413	0.05	0	60 	30
11295.090164939025	-19547.62000283764	0.07	1	60 	30
18476.739019406323	13366.248590437757	0.05	1	60 	30
21733.845602694008	-10722.33881293438	0.07	1	60 	30
24344.964474743512	8555.54327701377	0.03	1	60 	30
25593.91577464115	-19322.19034459223	0.07	1	60 	30
-5634.7279041892125	-17143.861659176197	0.04	0	60 	30
-27911.42028856057	32172.118410185903	0.02	1	60 	30
32057.718247089968	-7397.418685102344	0.04	1	60 	30
22376.85814079931	22038.160098222343	0.03	0	60 	30
10599.708752964543	8606.086633828381	0.08	0	60 	30
9613.637857477102	-4216.639303097157	0.09	0	60 	30
7568.469681621463	-29700.94649062996	0.05	1	60 	30
-12048.75784571917	-24583.416720814323	0.09	1	60 	30
-18967.3612799991	15056.819023276785	0.1	1	60 	30
-18223.580112841533	4373.090809337273	0.06	0	60 	30
25011.621390959957	9879.008608654538	0.03	1	60 	30
23753.0569216985	13938.270596073377	0.09	1	60 	30
-16535.589007716746	-25090.861487162332	0.06	1	60 	30
-23009.58657870219	14341.574636402125	0.09	0	60 	30
-13865.287519651984	-21202.147251435326	0.05	1	60 	30
4599.065736724688	-28942.089532604572	0.07	1	60 	30
9489.551287947404	-31152.359986350522	0.04	0	60 	30
-8960.244410528536	30422.326687125165	0.05	0	60 	30
-6108.639607010161	14970.358505882194	0.04	0	60 	30
-30558.095986121807	-27707.971758387364	0.09	1	60 	30
4276.550800056097	-18014.199795678585	0.09	1	60 	30
20231.406659456617	2271.159403943143	0.07	1	60 	30
2080.864842496828	-21661.629446835374	0.08	1	60 	30
-10660.188868370169	-9045.99558932727	0.07	1	60 	30
-29027.120805843326	-15790.580419924994	0.09	1	60 	30
-30275.762855205503	13000.278405838164	0.05	0	60 	30
-3677.2124026467004	-25084.594483127225	0.04	0	60 	30
-4555.745780924875	-30577.37812906893	0.07	0	60 	30
